13,38,36,48,15,45,24,54,28,50,46,176,19,29,23,190,54,194,31,27,9,32,30,184,192,33,151,179,23,19,29,21,15,159
27,24,197,40,29,22,50,195,36,29,55,44,45,6,44,192,197,164,36,27,8,185,42,30,32
27,196,180,50,59,86,168,104,94,80,49,61,130,127
174,26,29,19,187,39,24
23,33,38,39,175,45,190,51,192,173,56,39,29,28,32,53,27,55,54,39,48,39,52,59,36,172,17,194,33,179,33,42,69,28,38,50,51,35,26,191,181,185,193,178,49,197,44,39,56,185,192,20,52,31,36,198,54,48,30,196,52
23,45,42,31,157,52,42,49,27,47,16,22,193,12,19,181,179,154,173,25,42,38,28,22,33,56,49,17,43,9,188,38,171,194,46,180,28,40,21,31,183,168,176,41,160,164,22,56,30,47,25,35,33,45,18,22,20
1200,11,21,1200,1200,36,1200,69,1200,69,103,123
20,47,119,47,48,110,77,64
52,150,182,187,19,198,17,186,194,178,38,23,35,31,55,26,177,181,32,187,31,33,40,39,29,36,19
52,51,54,1800,63,1800
18,33,196,18,9,180,36,194,42,33,39,16,21,41,27,198,194,39,45,186,164,16,37,34,172,11,35,186,44
44,61,65,61,34,53,173,177,20,50,191,19,10,196,143,154,46,179,25,63,27,37,26,20,48,47,32,48,30,172,178,47,37,174,182,161,47,175,11,53,176,160,38,183,162,40,185
31,28,18,160,178,69,186,60,169,39,20,50,58,176,30,50,41,56,24,39,36,37,39,27,25,175,35,42,186,28,34,32,139,172,48,43,46,10,147,68,151,152,53,45,31,22,57,143,32,188,37,27,74,30
36,195,43,194,36,156,27,180,29,36,28,34,196,169,36,187,33,44,17,47,188,45,48,33,48,191,184,188,36,157,19,175,155,180,13,18,24,20,9,43,13,49,52,37,33
33,165,50,74,30,39,53,28,33,176,42,62,38,53,182,44,33,70,165,42,35,30,189,78,34,27,46,166,140,74,141,153,40,195,35,53,64,19,44,63,25,38,20,198,38,65,72,29,62,90,40,168,28,58,150,50,33,49,44,51,49,82,83,86,36,155,147,39
38,20,60,61,14,54,133,130,51,51,38,34,49,54,55,37,16,74,154,19,157,48,14,34,63,27,198,147,54,30,38,35,140,34,24
36,147,27,16,162,59,36,28,9,32,37,20,59,197,26,48,75,29,45,33,16,63,38,17,34,24,45,26,39,22,27,146,26,25,166,186,191,49,179,188,135,29,180,188,34,59,36,56,54,64,39,44,39,41,157,37,192,16,133,185,58
140,146,21,170,115,182,42,41,79,121,167,191,72,52,195,142,75,194,76,69,60,22,35,35,138,72
42,39,28,19,136,33,199,12,161,62,48,60,135,22,52,124,27,46,198,45,47,25,194,113,121,38,41,53,185,164,20,57,32,20,46,159,15,175,70,103,45,177,184,34,43,65,28,56,71,175,54
128,43,118,25,40,40,31,35,77,98,23,42,20,52,115,15,21,121,37,54,32,67,118,44,182,60,52,54,54,25,105,22,28,81,58,22,35,31,11,44,44,64,34
90,33,98,30,49,41,38,44,83,24,40,18
40,36,44,17,187,53,42,49,21,29,41,11,160,19,50,19,30,193,14,148,178,38,30,188,31,30,199,55,24,157,22,17,197,13,43,176,179,30,175,19,35,33,189,35,32,40,46,174,18,15,39,26
77,117,44,87,113,75,85,177,39,34,113,148,40,37,45,65,144,45,29,39,37,29,86,43,54,62,64,67,127,88,73,45,42,31,75,38,53
47,31,43,117,12,92,29
28,74,34,24,49,132,50,158,24,37,36,27,107,47,37
153,52,39,186,36,27,27,140,14,23,17,21,28,157,28,52,138,43,20,24,53,171,45,37,50,147,156,44,33,29,49,135,177,24,40,42,53,18,26,43,48,21,186,159,6,52,19,38,153,32,20,166,36,19,53,15,166,25,146,15,30,29,155,177,149,18,38
44,106,112,41
19,136,25,23,16,30,54,40,48,116,175,14,25,25,50,47,19,23,43,15,22
107,55,54,16,134,34,39,70,111,109,124,16,34,110,87,123,71,44,30,134,84,50,49,55,15,12,108,35,135,94,53,96,49,112,95,43,44
15,79,62,81,64,7,21,81,28,27,58,178,34,27,80
153,28,26,46,49,32,35,42,24,31,123,13,160,199,196,34,46,197,30,183,33,31,61,29,32,58,148,162,55,191,125,134,40,42,29,42,38,34,41,47,13,48,31,45,141,142,177,21,25,28,47,48,185,36,24,65,191,30,53,49,36,43,130,44,141,35,46,33,170,65,64,29,187,27,163,48,145,169,180
106,46,37,55,84,55,88,178,53,190,43,75,58,21,28,67,23,32,177,148,111,158,34,94,21,47,143,26,34,20,38,55,67,57,68,102,12,42,188,164,118,23,29,40,79,61
27,46,46,42,41,37,77,59,36,50,11,84,60,46,174,30,63,19,40,12,23,75,81,193,26,29
101,42,33,168,22,137,187,169,43,137,132,51,16
44,46,32,54,132,18,41,35,47,53,37,183,51,39,28,63,30,43,41,26,18,52,44,92,57,41,30,45,63,42,23,19,35,24,36
34,106,44,74,35,38,38,74,53,123,126,62,141,46
20,50
15,7400,60,80,7400,7400,7400,91,7400,7400,7400,7400,7400,7400,92,94,119,7400,125,7400,7400,7400,7400,131,7400,170,185,7400,188,195,7400,7400
46,51,39,26,20,23,134,20,103,94,49,28,52,183,45,50,80,5,80,34,32,44,82,35,101,59,34,53,47,44,42,33,59,71,45,88,52,40,77
133,26,21,160,103,111,45,119,174,141,33,199,45,36,98,7800,110,55,48,42,175
19,29,11,51,34,169,158,57,163,176,42,50,37,18,19,38,142
41,49,26,37,158,35,61,125,67,160,46,55,32,182,47,71,184,43,14,184,78,20,32,52,166,66,168,33,55,35
42,189,56,46,143,77,50,81,71,32,24,26,42,43,26,67,37,148,136,87,29,80,44,59,29,65,163,43,60,33,44,61,25,57,111,43,73,28,53,9,44,34
96,15,16,44,13,46,17
142,30,26,45,71,48,39,41,37,52,34,43,146,41,49,26,25,49,45,165,45,173,157,27,54,42,58,45,66,51,35,36,40
23,142,81,103,76,114,19,43,39,178,170,84,46,53,27,9000,56,47,49,48,57,123,44
30,69,27,81,22,189,60,174,10,49,151,45,42,49,190,81,32,91,27,69,176,164,117,71,90,100
20,68,91,30,69,41,66,42,68,49,38,63,34,37,75,119,50,107,32,42,57,133,32,74,13,161,75,22
30,42,47,48,38,32,51,194,45,196,31,155,9600,71,52,65,69,93,116,35,76,131,79,194,148,164,9600,63,127,9600,91,159,82,184,84,95,93,9600,172,9600
41,15,88,68,59,90
14,37,153,33,33,86,155,48,14,46,43,113,121,39,34,34
87,57,51,36,197,35,30,35,133,20,102,46,66,42,73,37,39,38,123,45,42,106,41,50,84,130,20,77,98,42,135,72,125,50,128,18,96,33
10400,34,10400,10400,48,10400,70,98,80,10400,10400,113,10400,117,149,153,10400,153,168,10400,188,10400,10400,10400,10400
41,48,46,22,196,30,20,18,182,41,33,37,41,13,192,17,37,192,29,22,34,193,16,189,31,44,40,28,46,181,25,156,45,53,19,6,39,190,40,17,47,48,42,30,44,186,11,179,145,31,12,9
21,25,49,40,66,32,45,21,167,33,83,27,88,18,165,49,41,78,198,58,162,83,192,44,143,37,29,169,84,35,146,39,47,42,42,57,43,52,140,57,51,69,59,72,104,32,195,162,93,65,73,51,160,175,64
7
30,42,47,121,72,166,39,33,39,76,33,72,165,68,26
166,196,23,22,161,24,31,17,34,40,58,17,28,24,36,49,30,36,151,54,168,28,23,34,44,183,30,32,44,51,190,33,182,22,32
102
185,35,26,42,24,44,151,27,24,180,53,16,38,33,199,25,32,21,42,24,142,54,37,193,20,41,15,43,47,15,38,191,186,199,30,41,22
196,47,46,65,38,59,51,62,26,46,66,138,65,55,155,35,40,36,68,26,37,46,66,65,24,177,27,25,7,71,29,137,26,167,59,31,199,180,22,43,47,172,112
33,37,43,184,34,149,38,48,34,194,137,186,195,137,32,189,20,23,23,36,31,45,194,50,50,28,44,34,14,34,25,137,145,59,141,131,58,18,182,28,22,39
69,35,44,36,33,60,38,162,34,80,122,156,152,60,181,190,187,36,192,40,60,38,71,32,80,45,73,80,24,56,161,27,25,22,54,35,54,68,45,115,55,59,69,21,58,83,189,198,68,22,55,64
68,58,28,22,49,42,165,47,33,18,52,30,54,165,54,50,62,11,57,15,113,60,42,51,195,31,39,63,63,115,6,14,57,136
36,20,43,53,96,50,32,38,27,34,48,113,20,45,45,21,56
78,52,40,112,21,74,43,27,24,40,51,75
140,147,39,22,64,37,134,26,193,44,131,24,25,111,13,38,33,20,27,98,35,11,63,116,10,52,28,45,118,46,37,28,30
16,64,106,18,158,54,50,127,19,28,18,160,13400,49,60,32,30,172
27,131,26,23,83,53,59,43,92
86,43,33,55,23
18,57,75,48,25,179,30,70,39,57,136,33,52,40,48,86,92,177,54
34,52,27,20,163,45,144,11,16,164,154,36,164,123,14,37,173,44,166,22,29,33,41,29,142,23,131,163,40,49,17,51,45,31,30,35,17,32,26,139,44,22,171,40
43,48,48,67,51,25,42,139,55,34,50,182,31,38,97,23,22,56,52,187,62,38,9,108,91,69,40,56,37,58,49
20
44,20,176,12,28,24,37,53,30,173,35,41,27,194,32,19,27,43,37,174,152,45,195,196,166,188,194,37,23,22,36,43,196,50,24,23,184,41,19,30,181,34,189,12,35,171,19,41,37
37,48,22,58,22,59,27,16,57,185,194,43,34,183,177,184,186,47,25,30,12,36,17,32,43,25,40,30,25,36,41,178,32,58,188,26,49,183,40,37,50,192,190,40,168,41,162,198,66,173,44,39,36,177,37,18,25,26,27,24,42,36,27,51,181,37,43,46,41
62,63,93,44,155,68,36,166
30,147,29,47,40,19,44,26,29,37,45,34,50,55,116,35,26,33,37,27,137,51,42,27,20,18,27,195,46,173,192,36,41,45,14,21,21,49,167,175,27,52
174,54,63,59,58,59,72,43,56,28,85,119,89,30,47,22,45,43,27,21,19,85,43,31,82,34,41,69,74,43,160,36,24,41,63,42,32,141,38,94,63,190,46,52,199
28,82,55,28,20,43,66,80,49,74,36,62
65,50,117,32,32,117,26,30,51,73,68,44,30,143,89,92,24,36,10,41,101,49,143,31,150,22,167,21,84,70,120,56,62,12,40,112,184,19,60,44,43,97,18,187,63,28,37,29,35,104,40,48,43
94,37,104,47,89,102,41,44,36,64,94,90,64,43,107,93,88,107
29,47,127
177,74,40,22,36,47,158,188,129,51,14,120,38,52,35,73,51,30,30,46,163,53,27,119,21,46,14,29,170,185,40,74,180,114,25,36,33,58,50,25,50,47
37,63,167,25,11,62,61,49,90,51,53,63,43,61,62,60,49
45,105,39,14,110,17,38,36,22,114,43,18,30,51,175,48,24,43,136,10
45,39,22,22,112,26,34,149,122,31,34,13,29,38,121,126,37,154
99,33,19,39,53,55,12,131,100,44,51,157,164,43,45,48,126,40,123,29,43,121,57,38,31,127,189,16,50,52,124,48,15
9,17600
178,131,40
32,30,37,95,107,98,197,38,32,48,58,25,149,15,92,163,42,97,16,10,26,100,167,176,45,51,77,59,38,48,76,49,144,132,71
109,40,20,124,14
26,134,46
106,40,25,44,54,103,102,99,48,33,42,26,15,29,40,36,70,28,42,10,144,44,55,15,19,35
113,14,45,12,26,162,24,16,145,19,34
27,26,52,22,28,12,59,21,24,54,20,44,28,120,38,12,36,36,37,75,54,28,18,54,54,118,40
68,124,44,98,64,98,88,23,54,76,52,106,70,35,89,59,56,64,42,126,113,42
46,74,120
