91,66,42,179,178,48,58,174,31,86,31,52,164,77,172,34,45,42,86,64
29,29,50,28,181,22,42,26
41,182,41,188,23,16,13,180,13,152,24,28,26,192,43,181,34,38,19,47,26,36,41,23,34,18,167,34,28,37,37,32,196,156,18,22,56,36
198,37,47,52,24,55,161
177,29
42,170,5,46,48,197,56,190,31,44,54,36,32,37,35,14,187,19,46,26,19,182,33,44,48,48,30,32,37,192,31,25,54,38,180,31,176,32
40,33,38,23,98,136,64,26,22,89,45,41,116,109,77,43,77,83,36,52,43,169,86,116,129
38,182,52,72,29,48,25,52,58,29,177,54
45,56,27,50,46,180,29,38,187,28,189,44,31,199,23,26,13,33,197
59,42,27,47,178,37,47,35,42,155,27,172,30,57,26,174,38,159,36,57,55,189,21,163,190,173,172,62,64,21,163,182,66,54,167,62,72,178,60,50,38,62,194,48,18,46,42,44,29,47,27,52,160,42,163
60,184,54,66,30,30,167,52,41,44,160,137,60,57,19,130,162,66,67,10,25,152,67,20,36
20,180,13,32,39,35,52,21,59,84,40,119,53,90,151,175,41,131,20,145,186,76
15,163,44,30,9,18,35,7,44,46,34
168,17,24,37,36,170,46,40
2800,129
52
12,18,171,180,45,162,38,199,171,10,30,38,40,28,27,40,15,199,182,37,48,198,185,46,18,12,189,19,24,42,192,38,26,28,21,22
14,53,25,39,37
41,41,35,26,156,177,59,186,170,28,33,41,197,23,56,177,182,178,48,19,40,52,199,196,25,30,60,43,50,30,48,47,4,35,71,180,182,35,50,10,57,52,57,192,41,198,55,195,43,25,198,46,191,39,170,40,31,58,38,48,21,48,48,37,21,64,49,197,51,38,36,45,184,180
45,39,36,37,44,57,3800,63,3800,54,149,53,57,3800,80,67,72,89,3800,77,3800,3800,98,104,3800,3800,106,3800,105,94
44,24,173,14,41,182,33,27,48,44,29,163,172,15,29,26,47,22,45,36,168,51,38,38,31,7,152,34
37,44,32,41,30,58,55,57,44,41,24,37,28,36,37,171,19,21,21,31,196,195,193,56,33,43,57,31,42,43,50,195,158,161,40,181,38,55,30,38,141,64,198,34,45,187,167,186,174,58
187,65,171,42,52,5,165,35,57,54,175,35,18,48,28,47,13,45,40,40,167,49,12,57,55,59,38,23,34,14,42,16,41,39,195,173,179,32,147,44,190,33,39,62,160,24,28,46,172,29,58,177
51,23,150,38,79,155
45,22,40,115,106,121,42,32,43,142
45,198,44,53,40,67,54,170,122,36,86,100,89,41,50,12,61,37,47,80,39,158,81,18,23,74,65,32,52,43,52,34,78,54,70,92,53,58,36,101,106,116,53,103,60,77,93,92,69,44
133,193,17,44,74,18,18,37,58,50,69,196
5400,35,120,5400,44,129,64,64,96
35,38,51,159,36,194,41,46
47,50
69,110,33,42,58,50,174
23,181,36,45,151,31,140,27,32,22,167
6400,6400,196,148,55,6400,6400,177,32,45,6400,174,36,69,65,6400,163,6400,6400,6400,52,6400,6400,6400,71,6400,6400,182,76,6400,6400,63
51,40,72,160,124,95,16,58,186,176,35,152,72,29,39,59,71,40,41,58,62,49,50,35,39,91,37,54
147,18,24,38,34,163,25,189,40,44,176,183,55,26,30,18,154,173,37,162,17,44,149,25,146,161
59,105,78
18,63,58,25,56
37,49,44,19,164,17,53,41,46,18,51,50,21,154,21,33,53,153,36,196,143,34,191,47,58,46,26,15,31,33,28,18,66,155,34,46,44,163,38,198,184,13,54,40,42,162,31,175,40,44,18,42,33,49,161,50,50,47,62,33,61,58,47,44,172
54,31,172,26,51
162,50,16,28,52,41,44,43,29,19,47,163,36,33,33,38,48,32,198,41,9,141,137,26,25,37,31,147,182,36,16,49,194,40,21,193,41,161,44,149,41
56,37,17
32,26,10,57,9,90,139,15,193,21,11,29,39,30
167,96,60,49,81,43,91,102,47,46,163,65,80,25,31,41,26,81,98,171,76
52,40,45,37,155,45,25,47,62,168,44,13,34,35,22,179,24,46,37,14,170,192,186,194,18,25,44,41,26,32,33,41,21,19,172,29,32,55,23,24,157,22,26,42,36,186,191,27,167,19,197,32,13,58,177,28,148,19,40,39,28,45
56,77,142,44,155,78,138,60,60,82,90,37,183
35,20,71,174,14
36,51,30,40,39,39,12,174,57,178,46,49,169,147,19,28,22,55,171,58,28,46,26,26,29,164,21,11,44,59,187,50,165,181,45,162,194,30,163,182,44,44,161,33,30,138,166,28,23,46,40,180,48,167,34,20,187,27,25,57,178,196,33,43,171,35,171,32,28,33,30,23,21,45,47
26,29,81,78,29,53,184,43,175,78,62,92,151,186,34,42,48,55,121,187,151,95,147,11
34,102,116,100,45,43,36,34,45,36,119,48,76,80,74,125,22,111,53,42,25,42,54,14,103,69,68,50,59,46,73,26,56,61,46,113,98,57,58,58,178,28,113,78,133,93,24
56,15,30,55,43
65,72,102,42,38,20,42,22,50,68,43,9,82,45,71,18,21,95,109,27,160,104,72,41,52,45,108,68,35,25,93,154,52
55,93
41,44,43,14,41,23,45,16,11,10
38,164,40,46,39,41,37,47,23,36,191,35,10,56,43,24,37,30,16,48,22,198,18,168,40,188,19,25,29,43,21,29,37,163,26,12,184,20,38,28,30,17
117,55,66,78,30,128,32,177,27,66,35,62,72,37,154,63,186,143,47,58,59,54,119,56,56,40,151,158,158,155,44,40,185,15,180,163,60,40,34,43,45,171,50,37
38,116,115,23,77,93,96,44,34,145,117,14,44,198
38,43,98,49,43,88,180,78,66,53,195,110,62,175,49,66,107,66,49,79,75,53
41,31,21,21,47,8,28,174,43,43,30,40,42,108,55,165
22,175,60,27,161,57,39,40,26,39,53,48,134,10,163,29,48,49,63,169,157,37,24,51,109,34,33,35,21,26,50,30,49,136,191,55,180,36,90,173,23,47,58,32,70,55,102,51,188,41
92,152,45,112,177,143
122,98,92,99,28,123,39,151,22,83,145,33,142,77,195,69,23,143,32,53,151,108,54,143,52,45,43,121,188,89,172,175,63,60,77,76,122,54,112,103,60,76,90,71,76,99,93,117
23,25,153,140,158,189,21,28,32,37,32,56,21,169,28,18,54,178,106,177,41,26,147,121,28,37,41,147,71,14,58,49,28,33
41,29,112,168,67,17,150,120,115,190,35,48,91,126,152,137,52,21,175,51,61,104,64,108
187,32
37,34,21,25,178,30,17,140,95,11,24,125,16,40,16,25,144,25
109,106,17,49,30,11,66,40,25,30,26,59,57,52,28,123,37,32,19,31
45,51,50,48,51,26,71,57,117,58,151,57,31,87
51,37,182,44,50,25,23,127,63,29,28,19,53,73,41,8
41,53,176,37,30,27,52,33,192,28,33,35,53,30,146,24,30,34,35,30,47,127,47,45
41
37,28,50,28,195,17,18,47,43,43,173,21,189,50,27,17,23,52,52
158,54,11,36,23,132,18,32,61,40
151,184,29,11,31,64,16,54,17,19,38,25,51,38,25,184,42,39,61,146,46,27,143,50,43,16,36
23,19,59,43,8,45,27,45,78,34,22,26,76,35,93,28,154,46,87,121,93,31,61,72,133,72,50,18,124,154,137,27,35,46,66,43,65,29,129,50,154
42,39,48,107,23,14,144,27,37,27,33,126,31,57,53,11,24,131,140,14,197
22,35,53,23,113,158,171,26,169,57,23,18,33,30,176,183,177,66,42,37,27,24,149,31,28,33,22,42,53,41,126,60,124,49,45,112,103,164,40,52,39,13,35,35,28,126,25,25,37,48,22,23,22,29,109,115,44,122,64,161
72,29,51,28,75,32,56,58,45,103,84,43,52,42,64
181,146,37,178,20,29,41,123,52,61,27,111,194,17,11,14,196,58,39,26,24,177,38,31,147,32,51,33,43,19,37,61,69,41,154,21,147
106,192,184,154,20,40,33,108,43,72,92,171,158,15600,162,31,142,18,46,31,64,149,37,60,58,170,104,88,65,56,103,15600,64,184
14,25,46,21,171,156,29,19
178,150,33,148,60,21,18,31,10,90,20,37,60,161,63,76,183,41,60,36,68,32,193,40,66
27,55,64,83,64,34,56,10,58,32,94,25,51,32,55,4,32,19,29,29,11,32,39,84,23,52,33,45,142,18,150,73,65,172,163
25,53,47,147,115,41,49,128,126,23,97,180,26,24,47,139,38,59,23,104,25,141,15,105,32,36,47,15
56,81,49,46,32,23,56,11,57,105,55,27,163,181,30,51,47,44,56,21,63,74,54,61,49,29,45
68,60,22,161,75,25,34,113,14,17,46,44,45,61,49,35,49,14,49,121,44,58,48,112,59,153,47,39,63,26,146,34,111,52,127,49,32,32,199,20,52,31,54,24,27,41,43,152,132,129,45
34,73,77,74,58,40,78,53,93,32,89,188,88,35,37,23,59,67,71,89,127,67,42,27,26,39,35,41,60,52,21,62,71,70,55,53,52,47,29,58,42,71,47,16,62,81,59,28,40,52,70,32,63
17200,17200,17200,74,87,17200,17200,115,155,165,17200,17200,17200,17200,17200,17200
194,18,14,22,29,44,24,18,6,17,187,47,57,21,36,35,39
177,62,104,85
72,108,148,101,34,121
22,37,158,27,194,194,44,36,33,29,33,48,21,41,15,29,33,51,162,50,199,25,43,26,15,25,24,49,29,32,51,163,189,24,175,165,60,49
68,192,43,80,75,43,50,179,56,158,28,73,25,29,175,24,59,27,43,41,25,177,58,31,69,35,27,162,156,32,27,60,81
61,20,71,158,167,49,24,38,43,35,61,127,168,27,139,56,20,176,180,48,193,17,38,109,34,52,59
115,66,44,69,51,102,96,83,48,54,75,37,52,46,58,93
44,20,49,157,35,45,13,29,27,46,52,42,172,27
159,19000,107,35,19000,92,40,9,19000,123,55,105,44,72,48,125,107,117,63,43,19000,90,69
51,21,30,48,163,37
56,198,23,139,24,61,46,172,143,153,105,52,19,7,15,39,12,121,194,139,179,60,135,78,17,39,83,190,181,39,166,77,17,168,48,40,10,151,30,50,199,74,57,85,91,32,29,173,48,66,17,27,62,37
